 -2.90000000   0.00000000
 -2.90130576   0.16320506
 -2.90520906   0.32594129
 -2.91172938   0.48902127
 -2.92083093   0.65154967
 -2.93255914   0.81433801
 -2.94689055   0.97691786
 -2.96377377   1.13882300
 -2.98329310   1.30086185
 -3.00540264   1.46256765
 -3.03002871   1.62347717
 -3.05729426   1.78439387
 -3.08679777   1.94448320
 -3.11753421   2.10480008
 -3.14920667   2.26456398
 -3.18198962   2.42464683
 -3.21563070   2.58382472
 -3.25040152   2.74338735
 -3.28613061   2.90252959
 -3.32282161   3.06128360
 -3.36047899   3.21968090
 -3.39921192   3.37817183
 -3.43892830   3.53636797
 -3.47963506   3.69429924
 -3.52133986   3.85199497
 -3.56393542   4.00906248
 -3.60765928   4.16637203
 -3.65228679   4.32310756
 -3.69794417   4.47971724
 -3.74451448   4.63580266
 -3.79213131   4.79181212
 -3.84067250   4.94734383
 -3.89027916   5.10284651
 -3.94082361   5.25791475
 -3.99230989   5.41256776
 -4.04474236   5.56682384
 -4.09827739   5.72113324
 -4.15262002   5.87464796
 -4.20808260   6.02825093
 -4.26435632   6.18108651
 -4.32160213   6.33360277
 -4.37982581   6.48581249
 -4.43903331   6.63772755
 -4.49923074   6.78935898
 -4.56042429   6.94071690
 -4.62243421   7.09136260
 -4.68544466   7.24174862
 -4.74946184   7.39188233
 -4.81429337   7.54131646
 -4.88013542   7.69050645
 -4.94699394   7.83945704
 -5.01466311   7.98771208
 -5.08335145   8.13573042
 -5.15284363   8.28304986
 -5.22335654   8.43013171
 -5.29466498   8.57650766
 -5.36699437   8.72264165
 -5.44034909   8.86853249
 -5.51448853   9.01370263
 -5.58940160   9.15814246
 -5.66558610   9.30280181
 -5.74228050   9.44623585
 -5.82025174   9.58988000
 -5.89870638   9.73227398
 -5.97844141   9.87486572
 -6.05891175  10.01667134
 -6.14010173  10.15767587
 -6.22257917  10.29885679
 -6.30546699  10.43871523
 -6.38964069  10.57873097
 -6.47449733  10.71789344
 -6.56033243  10.85669048
 -6.64682226  10.99460227
 -6.73427250  11.13212020
 -6.82267899  11.26923158
 -6.91203704  11.40592318
 -7.00199617  11.54166405
 -7.09288316  11.67695277
 -7.18469124  11.81177475
 -7.27741301  11.94611494
 -7.37067003  12.07943195
 -7.46518783  12.21275968
 -7.56020970  12.34502800
 -7.65609571  12.47674637
 -7.75283490  12.60789799
 -7.85041559  12.73846575
 -7.94882540  12.86843229
 -8.04805123  12.99777999
 -8.14850300  13.12703272
 -8.24932559  13.25509080
 -8.35092061  13.38247588
 -8.45327204  13.50916960
 -8.55636313  13.63515349
 -8.66063531  13.76095911
 -8.76562582  13.88602073
 -8.87084250  14.00976631
 -8.97720519  14.13328190
 -9.08471545  14.25655289
 -9.19238372  14.37844983
 -9.30117161  14.50006702
 -9.41056882  14.62082963
 -9.52106996  14.74127968
 -9.63214862  14.86083983
 -9.74378036  14.97949140
 -9.85594010  15.09721591
 -9.96915013  15.21455962
-10.08340701  15.33150682
-10.19814329  15.44747555
-10.34273727  15.50677279
-10.50331989  15.53446981
-10.66418047  15.56050395
-10.82530180  15.58487241
-10.98666662  15.60757259
-11.14825766  15.62860204
-11.31005763  15.64795853
-11.47270540  15.66570816
-11.63487191  15.68170589
-11.79719525  15.69602497
-11.95965805  15.70866386
-12.12224292  15.71962121
-12.28493245  15.72889586
-12.44770924  15.73648680
-12.61121526  15.74241371
-12.77411444  15.74662817
-12.93704850  15.74915702
-13.10000000  15.75000000
-13.26295150  15.74915702
-13.42588556  15.74662817
-13.58878474  15.74241371
-13.75229076  15.73648680
-13.91506755  15.72889586
-14.07775708  15.71962121
-14.24034195  15.70866386
-14.40280475  15.69602497
-14.56512809  15.68170589
-14.72729460  15.66570816
-14.88994237  15.64795853
-15.05174234  15.62860204
-15.21333338  15.60757259
-15.37469820  15.58487241
-15.53581953  15.56050395
-15.69668011  15.53446981
-15.85726273  15.50677279
-16.00185671  15.44747555
-16.11659299  15.33150682
-16.23084987  15.21455962
-16.34405990  15.09721591
-16.45621964  14.97949140
-16.56785138  14.86083983
-16.67893004  14.74127968
-16.78943118  14.62082963
-16.89882839  14.50006702
-17.00761628  14.37844983
-17.11528455  14.25655289
-17.22279481  14.13328190
-17.32915750  14.00976631
-17.43437418  13.88602073
-17.53936469  13.76095911
-17.64363687  13.63515349
-17.74672796  13.50916960
-17.84907939  13.38247588
-17.95067441  13.25509080
-18.05192075  13.12649100
-18.15194877  12.99777999
-18.25117460  12.86843229
-18.34958441  12.73846575
-18.44716510  12.60789799
-18.54390429  12.47674637
-18.63979030  12.34502800
-18.73481217  12.21275968
-18.82932997  12.07943195
-18.92258699  11.94611494
-19.01530876  11.81177475
-19.10711684  11.67695277
-19.19800383  11.54166405
-19.28796296  11.40592318
-19.37732101  11.26923158
-19.46572750  11.13212020
-19.55317774  10.99460227
-19.63966757  10.85669048
-19.72550267  10.71789344
-19.81035931  10.57873097
-19.89453301  10.43871523
-19.97742083  10.29885679
-20.05989827  10.15767587
-20.14108825  10.01667134
-20.22155859   9.87486572
-20.30129362   9.73227398
-20.37974826   9.58988000
-20.45771950   9.44623585
-20.53441390   9.30280181
-20.61059840   9.15814246
-20.68551147   9.01370263
-20.75965091   8.86853249
-20.83300563   8.72264165
-20.90533502   8.57650766
-20.97664346   8.43013171
-21.04715637   8.28304986
-21.11686479   8.13526823
-21.18533689   7.98771208
-21.25300606   7.83945704
-21.31986458   7.69050645
-21.38570663   7.54131646
-21.45053816   7.39188233
-21.51455534   7.24174862
-21.57756579   7.09136260
-21.63957571   6.94071690
-21.70076926   6.78935898
-21.76096669   6.63772755
-21.82017419   6.48581249
-21.87839787   6.33360277
-21.93564368   6.18108651
-21.99191740   6.02825093
-22.04737998   5.87464796
-22.10172261   5.72113324
-22.15525764   5.56682384
-22.20769011   5.41256776
-22.25917639   5.25791475
-22.30972084   5.10284651
-22.35932750   4.94734383
-22.40786869   4.79181212
-22.45548552   4.63580266
-22.50205583   4.47971724
-22.54771321   4.32310756
-22.59234072   4.16637203
-22.63606458   4.00906248
-22.67866014   3.85199497
-22.72036494   3.69429924
-22.76107170   3.53636797
-22.80078808   3.37817183
-22.83952101   3.21968090
-22.87717839   3.06128360
-22.91386939   2.90252959
-22.94959848   2.74338735
-22.98436930   2.58382472
-23.01801038   2.42464683
-23.05079333   2.26456398
-23.08246579   2.10480008
-23.11320223   1.94448320
-23.14270574   1.78439387
-23.16997129   1.62347717
-23.19459736   1.46256765
-23.21670690   1.30086185
-23.23622623   1.13882300
-23.25310945   0.97691786
-23.26744086   0.81433801
-23.27916907   0.65154967
-23.28827062   0.48902127
-23.29479094   0.32594129
-23.29869424   0.16320506
-23.30000000  -0.00000000
-23.29869424  -0.16320506
-23.29479094  -0.32594129
-23.28827062  -0.48902127
-23.27916907  -0.65154967
-23.26744086  -0.81433801
-23.25310945  -0.97691786
-23.23622623  -1.13882300
-23.21670690  -1.30086185
-23.19459736  -1.46256765
-23.16997129  -1.62347717
-23.14270574  -1.78439387
-23.11320223  -1.94448320
-23.08246579  -2.10480008
-23.05079333  -2.26456398
-23.01801038  -2.42464683
-22.98436930  -2.58382472
-22.94959848  -2.74338735
-22.91386939  -2.90252959
-22.87717839  -3.06128360
-22.83952101  -3.21968090
-22.80078808  -3.37817183
-22.76107170  -3.53636797
-22.72036494  -3.69429924
-22.67866014  -3.85199497
-22.63594887  -4.00948388
-22.59234072  -4.16637203
-22.54771321  -4.32310756
-22.50205583  -4.47971724
-22.45548552  -4.63580266
-22.40786869  -4.79181212
-22.35932750  -4.94734383
-22.30972084  -5.10284651
-22.25917639  -5.25791475
-22.20769011  -5.41256776
-22.15525764  -5.56682384
-22.10172261  -5.72113324
-22.04737998  -5.87464796
-21.99191740  -6.02825093
-21.93564368  -6.18108651
-21.87839787  -6.33360277
-21.82017419  -6.48581249
-21.76096669  -6.63772755
-21.70076926  -6.78935898
-21.63957571  -6.94071690
-21.57756579  -7.09136260
-21.51455534  -7.24174862
-21.45053816  -7.39188233
-21.38570663  -7.54131646
-21.31986458  -7.69050645
-21.25300606  -7.83945704
-21.18533689  -7.98771208
-21.11664855  -8.13573042
-21.04715637  -8.28304986
-20.97664346  -8.43013171
-20.90533502  -8.57650766
-20.83300563  -8.72264165
-20.75965091  -8.86853249
-20.68551147  -9.01370263
-20.61059840  -9.15814246
-20.53441390  -9.30280181
-20.45771950  -9.44623585
-20.37974826  -9.58988000
-20.30129362  -9.73227398
-20.22155859  -9.87486572
-20.14108825 -10.01667134
-20.05989827 -10.15767587
-19.97742083 -10.29885679
-19.89453301 -10.43871523
-19.81035931 -10.57873097
-19.72550267 -10.71789344
-19.63966757 -10.85669048
-19.55317774 -10.99460227
-19.46572750 -11.13212020
-19.37732101 -11.26923158
-19.28796296 -11.40592318
-19.19800383 -11.54166405
-19.10711684 -11.67695277
-19.01530876 -11.81177475
-18.92258699 -11.94611494
-18.82932997 -12.07943195
-18.73481217 -12.21275968
-18.63979030 -12.34502800
-18.54390429 -12.47674637
-18.44716510 -12.60789799
-18.34958441 -12.73846575
-18.25117460 -12.86843229
-18.15194877 -12.99777999
-18.05149700 -13.12703272
-17.95067441 -13.25509080
-17.84907939 -13.38247588
-17.74672796 -13.50916960
-17.64363687 -13.63515349
-17.53936469 -13.76095911
-17.43437418 -13.88602073
-17.32915750 -14.00976631
-17.22279481 -14.13328190
-17.11528455 -14.25655289
-17.00761628 -14.37844983
-16.89882839 -14.50006702
-16.78943118 -14.62082963
-16.67893004 -14.74127968
-16.56785138 -14.86083983
-16.45621964 -14.97949140
-16.34405990 -15.09721591
-16.23084987 -15.21455962
-16.11659299 -15.33150682
-16.00185671 -15.44747555
-15.85726273 -15.50677279
-15.69668011 -15.53446981
-15.53581953 -15.56050395
-15.37469820 -15.58487241
-15.21333338 -15.60757259
-15.05174234 -15.62860204
-14.88994237 -15.64795853
-14.72729460 -15.66570816
-14.56512809 -15.68170589
-14.40280475 -15.69602497
-14.24034195 -15.70866386
-14.07775708 -15.71962121
-13.91506755 -15.72889586
-13.75229076 -15.73648680
-13.58878474 -15.74241371
-13.42588556 -15.74662817
-13.26295150 -15.74915702
-13.10000000 -15.75000000
-12.93704850 -15.74915702
-12.77411444 -15.74662817
-12.61121526 -15.74241371
-12.44770924 -15.73648680
-12.28493245 -15.72889586
-12.12224292 -15.71962121
-11.95965805 -15.70866386
-11.79719525 -15.69602497
-11.63487191 -15.68170589
-11.47270540 -15.66570816
-11.31005763 -15.64795853
-11.14825766 -15.62860204
-10.98666662 -15.60757259
-10.82530180 -15.58487241
-10.66418047 -15.56050395
-10.50331989 -15.53446981
-10.34273727 -15.50677279
-10.19814329 -15.44747555
-10.08340701 -15.33150682
 -9.96915013 -15.21455962
 -9.85594010 -15.09721591
 -9.74378036 -14.97949140
 -9.63214862 -14.86083983
 -9.52106996 -14.74127968
 -9.41056882 -14.62082963
 -9.30117161 -14.50006702
 -9.19238372 -14.37844983
 -9.08471545 -14.25655289
 -8.97720519 -14.13328190
 -8.87084250 -14.00976631
 -8.76562582 -13.88602073
 -8.66063531 -13.76095911
 -8.55636313 -13.63515349
 -8.45327204 -13.50916960
 -8.35092061 -13.38247588
 -8.24932559 -13.25509080
 -8.14807925 -13.12649100
 -8.04805123 -12.99777999
 -7.94882540 -12.86843229
 -7.85041559 -12.73846575
 -7.75283490 -12.60789799
 -7.65609571 -12.47674637
 -7.56020970 -12.34502800
 -7.46518783 -12.21275968
 -7.37067003 -12.07943195
 -7.27741301 -11.94611494
 -7.18469124 -11.81177475
 -7.09288316 -11.67695277
 -7.00199617 -11.54166405
 -6.91203704 -11.40592318
 -6.82267899 -11.26923158
 -6.73427250 -11.13212020
 -6.64682226 -10.99460227
 -6.56033243 -10.85669048
 -6.47449733 -10.71789344
 -6.38964069 -10.57873097
 -6.30546699 -10.43871523
 -6.22257917 -10.29885679
 -6.14010173 -10.15767587
 -6.05891175 -10.01667134
 -5.97844141  -9.87486572
 -5.89870638  -9.73227398
 -5.82025174  -9.58988000
 -5.74228050  -9.44623585
 -5.66558610  -9.30280181
 -5.58940160  -9.15814246
 -5.51448853  -9.01370263
 -5.44034909  -8.86853249
 -5.36699437  -8.72264165
 -5.29466498  -8.57650766
 -5.22335654  -8.43013171
 -5.15284363  -8.28304986
 -5.08313521  -8.13526823
 -5.01466311  -7.98771208
 -4.94699394  -7.83945704
 -4.88013542  -7.69050645
 -4.81429337  -7.54131646
 -4.74946184  -7.39188233
 -4.68544466  -7.24174862
 -4.62243421  -7.09136260
 -4.56042429  -6.94071690
 -4.49923074  -6.78935898
 -4.43903331  -6.63772755
 -4.37982581  -6.48581249
 -4.32160213  -6.33360277
 -4.26435632  -6.18108651
 -4.20808260  -6.02825093
 -4.15262002  -5.87464796
 -4.09827739  -5.72113324
 -4.04474236  -5.56682384
 -3.99230989  -5.41256776
 -3.94082361  -5.25791475
 -3.89027916  -5.10284651
 -3.84067250  -4.94734383
 -3.79213131  -4.79181212
 -3.74451448  -4.63580266
 -3.69794417  -4.47971724
 -3.65228679  -4.32310756
 -3.60765928  -4.16637203
 -3.56393542  -4.00906248
 -3.52133986  -3.85199497
 -3.47963506  -3.69429924
 -3.43892830  -3.53636797
 -3.39921192  -3.37817183
 -3.36047899  -3.21968090
 -3.32282161  -3.06128360
 -3.28613061  -2.90252959
 -3.25040152  -2.74338735
 -3.21563070  -2.58382472
 -3.18190245  -2.42422787
 -3.14920667  -2.26456398
 -3.11753421  -2.10480008
 -3.08679777  -1.94448320
 -3.05729426  -1.78439387
 -3.03002871  -1.62347717
 -3.00540264  -1.46256765
 -2.98329310  -1.30086185
 -2.96377377  -1.13882300
 -2.94689055  -0.97691786
 -2.93255914  -0.81433801
 -2.92083093  -0.65154967
 -2.91172938  -0.48902127
 -2.90520906  -0.32594129
 -2.90130576  -0.16320506
