 -2.65000000   0.00000000
 -2.64915702   0.16295150
 -2.64662817   0.32588556
 -2.64241371   0.48878474
 -2.63648680   0.65229076
 -2.62889586   0.81506755
 -2.61962121   0.97775708
 -2.60866386   1.14034195
 -2.59602497   1.30280475
 -2.58170589   1.46512809
 -2.56570816   1.62729460
 -2.54795853   1.78994237
 -2.52860204   1.95174234
 -2.50757259   2.11333338
 -2.48487241   2.27469820
 -2.46050395   2.43581953
 -2.43446981   2.59668011
 -2.40677279   2.75726273
 -2.34747555   2.90185671
 -2.23150682   3.01659299
 -2.11455962   3.13084987
 -1.99721591   3.24405990
 -1.87949140   3.35621964
 -1.76083983   3.46785138
 -1.64127968   3.57893004
 -1.52082963   3.68943118
 -1.40006702   3.79882839
 -1.27844983   3.90761628
 -1.15655289   4.01528455
 -1.03328190   4.12279481
 -0.90976631   4.22915750
 -0.78602073   4.33437418
 -0.66095911   4.43936469
 -0.53515349   4.54363687
 -0.40916960   4.64672796
 -0.28247588   4.74907939
 -0.15509080   4.85067441
 -0.02703272   4.95149700
  0.10222001   5.05194877
  0.23156771   5.15117460
  0.36153425   5.24958441
  0.49210201   5.34716510
  0.62325363   5.44390429
  0.75497200   5.53979030
  0.88724032   5.63481217
  1.02056805   5.72932997
  1.15388506   5.82258699
  1.28822525   5.91530876
  1.42304723   6.00711684
  1.55833595   6.09800383
  1.69407682   6.18796296
  1.83076842   6.27732101
  1.96787980   6.36572750
  2.10539773   6.45317774
  2.24330952   6.53966757
  2.38210656   6.62550267
  2.52126903   6.71035931
  2.66128477   6.79453301
  2.80114321   6.87742083
  2.94232413   6.95989827
  3.08332866   7.04108825
  3.22513428   7.12155859
  3.36772602   7.20129362
  3.51012000   7.27974826
  3.65376415   7.35771950
  3.79719819   7.43441390
  3.94185754   7.51059840
  4.08629737   7.58551147
  4.23146751   7.65965091
  4.37735835   7.73300563
  4.52349234   7.80533502
  4.66986829   7.87664346
  4.81695014   7.94715637
  4.96426958   8.01664855
  5.11228792   8.08533689
  5.26054296   8.15300606
  5.40949355   8.21986458
  5.55868354   8.28570663
  5.70811767   8.35053816
  5.85825138   8.41455534
  6.00863740   8.47756579
  6.15928310   8.53957571
  6.31064102   8.60076926
  6.46227245   8.66096669
  6.61418751   8.72017419
  6.76639723   8.77839787
  6.91891349   8.83564368
  7.07174907   8.89191740
  7.22535204   8.94737998
  7.37886676   9.00172261
  7.53317616   9.05525764
  7.68743224   9.10769011
  7.84208525   9.15917639
  7.99715349   9.20972084
  8.15265617   9.25932750
  8.30818788   9.30786869
  8.46419734   9.35548552
  8.62028276   9.40205583
  8.77689244   9.44771321
  8.93362797   9.49234072
  9.09051612   9.53594887
  9.24800503   9.57866014
  9.40570076   9.62036494
  9.56363203   9.66107170
  9.72182817   9.70078808
  9.88031910   9.73952101
 10.03871640   9.77717839
 10.19747041   9.81386939
 10.35661265   9.84959848
 10.51617528   9.88436930
 10.67535317   9.91801038
 10.83543602   9.95079333
 10.99519992   9.98246579
 11.15551680  10.01320223
 11.31560613  10.04270574
 11.47652283  10.06997129
 11.63743235  10.09459736
 11.79913815  10.11670690
 11.96117700  10.13622623
 12.12308214  10.15310945
 12.28566199  10.16744086
 12.44845033  10.17916907
 12.61097873  10.18827062
 12.77405871  10.19479094
 12.93679494  10.19869424
 13.10000000  10.20000000
 13.26320506  10.19869424
 13.42594129  10.19479094
 13.58902127  10.18827062
 13.75154967  10.17916907
 13.91433801  10.16744086
 14.07691786  10.15310945
 14.23882300  10.13622623
 14.40086185  10.11670690
 14.56256765  10.09459736
 14.72347717  10.06997129
 14.88439387  10.04270574
 15.04448320  10.01320223
 15.20480008   9.98246579
 15.36456398   9.95079333
 15.52464683   9.91801038
 15.68382472   9.88436930
 15.84338735   9.84959848
 16.00252959   9.81386939
 16.16128360   9.77717839
 16.31968090   9.73952101
 16.47817183   9.70078808
 16.63636797   9.66107170
 16.79429924   9.62036494
 16.95199497   9.57866014
 17.10906248   9.53606458
 17.26637203   9.49234072
 17.42310756   9.44771321
 17.57971724   9.40205583
 17.73580266   9.35548552
 17.89181212   9.30786869
 18.04734383   9.25932750
 18.20284651   9.20972084
 18.35791475   9.15917639
 18.51256776   9.10769011
 18.66682384   9.05525764
 18.82113324   9.00172261
 18.97464796   8.94737998
 19.12825093   8.89191740
 19.28108651   8.83564368
 19.43360277   8.77839787
 19.58581249   8.72017419
 19.73772755   8.66096669
 19.88935898   8.60076926
 20.04071690   8.53957571
 20.19136260   8.47756579
 20.34174862   8.41455534
 20.49188233   8.35053816
 20.64131646   8.28570663
 20.79050645   8.21986458
 20.93945704   8.15300606
 21.08771208   8.08533689
 21.23526823   8.01686479
 21.38304986   7.94715637
 21.53013171   7.87664346
 21.67650766   7.80533502
 21.82264165   7.73300563
 21.96853249   7.65965091
 22.11370263   7.58551147
 22.25814246   7.51059840
 22.40280181   7.43441390
 22.54623585   7.35771950
 22.68988000   7.27974826
 22.83227398   7.20129362
 22.97486572   7.12155859
 23.11667134   7.04108825
 23.25767587   6.95989827
 23.39885679   6.87742083
 23.53871523   6.79453301
 23.67873097   6.71035931
 23.81789344   6.62550267
 23.95669048   6.53966757
 24.09460227   6.45317774
 24.23212020   6.36572750
 24.36923158   6.27732101
 24.50592318   6.18796296
 24.64166405   6.09800383
 24.77695277   6.00711684
 24.91177475   5.91530876
 25.04611494   5.82258699
 25.17943195   5.72932997
 25.31275968   5.63481217
 25.44502800   5.53979030
 25.57674637   5.44390429
 25.70789799   5.34716510
 25.83846575   5.24958441
 25.96843229   5.15117460
 26.09777999   5.05194877
 26.22649100   4.95192075
 26.35509080   4.85067441
 26.48247588   4.74907939
 26.60916960   4.64672796
 26.73515349   4.54363687
 26.86095911   4.43936469
 26.98602073   4.33437418
 27.10976631   4.22915750
 27.23328190   4.12279481
 27.35655289   4.01528455
 27.47844983   3.90761628
 27.60006702   3.79882839
 27.72082963   3.68943118
 27.84127968   3.57893004
 27.96083983   3.46785138
 28.07949140   3.35621964
 28.19721591   3.24405990
 28.31455962   3.13084987
 28.43150682   3.01659299
 28.54747555   2.90185671
 28.60677279   2.75726273
 28.63446981   2.59668011
 28.66050395   2.43581953
 28.68487241   2.27469820
 28.70757259   2.11333338
 28.72860204   1.95174234
 28.74795853   1.78994237
 28.76570816   1.62729460
 28.78170589   1.46512809
 28.79602497   1.30280475
 28.80866386   1.14034195
 28.81962121   0.97775708
 28.82889586   0.81506755
 28.83648680   0.65229076
 28.84241371   0.48878474
 28.84662817   0.32588556
 28.84915702   0.16295150
 28.85000000   0.00000000
 28.84915702  -0.16295150
 28.84662817  -0.32588556
 28.84241371  -0.48878474
 28.83648680  -0.65229076
 28.82889586  -0.81506755
 28.81962121  -0.97775708
 28.80866386  -1.14034195
 28.79602497  -1.30280475
 28.78170589  -1.46512809
 28.76570816  -1.62729460
 28.74795853  -1.78994237
 28.72860204  -1.95174234
 28.70757259  -2.11333338
 28.68487241  -2.27469820
 28.66050395  -2.43581953
 28.63446981  -2.59668011
 28.60677279  -2.75726273
 28.54747555  -2.90185671
 28.43150682  -3.01659299
 28.31455962  -3.13084987
 28.19721591  -3.24405990
 28.07949140  -3.35621964
 27.96083983  -3.46785138
 27.84127968  -3.57893004
 27.72082963  -3.68943118
 27.60006702  -3.79882839
 27.47844983  -3.90761628
 27.35655289  -4.01528455
 27.23328190  -4.12279481
 27.10976631  -4.22915750
 26.98602073  -4.33437418
 26.86095911  -4.43936469
 26.73515349  -4.54363687
 26.60916960  -4.64672796
 26.48247588  -4.74907939
 26.35509080  -4.85067441
 26.22703272  -4.95149700
 26.09777999  -5.05194877
 25.96843229  -5.15117460
 25.83846575  -5.24958441
 25.70789799  -5.34716510
 25.57674637  -5.44390429
 25.44502800  -5.53979030
 25.31275968  -5.63481217
 25.17943195  -5.72932997
 25.04611494  -5.82258699
 24.91177475  -5.91530876
 24.77695277  -6.00711684
 24.64166405  -6.09800383
 24.50592318  -6.18796296
 24.36923158  -6.27732101
 24.23212020  -6.36572750
 24.09460227  -6.45317774
 23.95669048  -6.53966757
 23.81789344  -6.62550267
 23.67873097  -6.71035931
 23.53871523  -6.79453301
 23.39885679  -6.87742083
 23.25767587  -6.95989827
 23.11667134  -7.04108825
 22.97486572  -7.12155859
 22.83227398  -7.20129362
 22.68988000  -7.27974826
 22.54623585  -7.35771950
 22.40280181  -7.43441390
 22.25814246  -7.51059840
 22.11370263  -7.58551147
 21.96853249  -7.65965091
 21.82264165  -7.73300563
 21.67650766  -7.80533502
 21.53013171  -7.87664346
 21.38304986  -7.94715637
 21.23573042  -8.01664855
 21.08771208  -8.08533689
 20.93945704  -8.15300606
 20.79050645  -8.21986458
 20.64131646  -8.28570663
 20.49188233  -8.35053816
 20.34174862  -8.41455534
 20.19136260  -8.47756579
 20.04071690  -8.53957571
 19.88935898  -8.60076926
 19.73817004  -8.66079262
 19.58581249  -8.72017419
 19.43360277  -8.77839787
 19.28108651  -8.83564368
 19.12825093  -8.89191740
 18.97464796  -8.94737998
 18.82113324  -9.00172261
 18.66682384  -9.05525764
 18.51256776  -9.10769011
 18.35791475  -9.15917639
 18.20284651  -9.20972084
 18.04777048  -9.25919287
 17.89181212  -9.30786869
 17.73580266  -9.35548552
 17.57971724  -9.40205583
 17.42310756  -9.44771321
 17.26637203  -9.49234072
 17.10948388  -9.53594887
 16.95199497  -9.57866014
 16.79429924  -9.62036494
 16.63636797  -9.66107170
 16.47817183  -9.70078808
 16.31968090  -9.73952101
 16.16128360  -9.77717839
 16.00252959  -9.81386939
 15.84338735  -9.84959848
 15.68382472  -9.88436930
 15.52464683  -9.91801038
 15.36456398  -9.95079333
 15.20480008  -9.98246579
 15.04448320 -10.01320223
 14.88439387 -10.04270574
 14.72347717 -10.06997129
 14.56256765 -10.09459736
 14.40086185 -10.11670690
 14.23882300 -10.13622623
 14.07691786 -10.15310945
 13.91433801 -10.16744086
 13.75197605 -10.17914177
 13.58902127 -10.18827062
 13.42594129 -10.19479094
 13.26320506 -10.19869424
 13.10000000 -10.20000000
 12.93679494 -10.19869424
 12.77405871 -10.19479094
 12.61097873 -10.18827062
 12.44845033 -10.17916907
 12.28566199 -10.16744086
 12.12308214 -10.15310945
 11.96117700 -10.13622623
 11.79913815 -10.11670690
 11.63743235 -10.09459736
 11.47652283 -10.06997129
 11.31560613 -10.04270574
 11.15551680 -10.01320223
 10.99519992  -9.98246579
 10.83543602  -9.95079333
 10.67577213  -9.91809755
 10.51617528  -9.88436930
 10.35661265  -9.84959848
 10.19747041  -9.81386939
 10.03871640  -9.77717839
  9.88031910  -9.73952101
  9.72182817  -9.70078808
  9.56363203  -9.66107170
  9.40570076  -9.62036494
  9.24800503  -9.57866014
  9.09093752  -9.53606458
  8.93362797  -9.49234072
  8.77689244  -9.44771321
  8.62028276  -9.40205583
  8.46419734  -9.35548552
  8.30818788  -9.30786869
  8.15265617  -9.25932750
  7.99715349  -9.20972084
  7.84208525  -9.15917639
  7.68743224  -9.10769011
  7.53317616  -9.05525764
  7.37886676  -9.00172261
  7.22535204  -8.94737998
  7.07174907  -8.89191740
  6.91891349  -8.83564368
  6.76639723  -8.77839787
  6.61418751  -8.72017419
  6.46227245  -8.66096669
  6.31064102  -8.60076926
  6.15928310  -8.53957571
  6.00863740  -8.47756579
  5.85825138  -8.41455534
  5.70811767  -8.35053816
  5.55868354  -8.28570663
  5.40949355  -8.21986458
  5.26054296  -8.15300606
  5.11228792  -8.08533689
  4.96473177  -8.01686479
  4.81695014  -7.94715637
  4.66986829  -7.87664346
  4.52349234  -7.80533502
  4.37735835  -7.73300563
  4.23146751  -7.65965091
  4.08629737  -7.58551147
  3.94185754  -7.51059840
  3.79719819  -7.43441390
  3.65376415  -7.35771950
  3.51012000  -7.27974826
  3.36772602  -7.20129362
  3.22513428  -7.12155859
  3.08332866  -7.04108825
  2.94232413  -6.95989827
  2.80114321  -6.87742083
  2.66128477  -6.79453301
  2.52126903  -6.71035931
  2.38210656  -6.62550267
  2.24330952  -6.53966757
  2.10539773  -6.45317774
  1.96787980  -6.36572750
  1.83076842  -6.27732101
  1.69407682  -6.18796296
  1.55833595  -6.09800383
  1.42304723  -6.00711684
  1.28822525  -5.91530876
  1.15388506  -5.82258699
  1.02056805  -5.72932997
  0.88724032  -5.63481217
  0.75497200  -5.53979030
  0.62325363  -5.44390429
  0.49210201  -5.34716510
  0.36153425  -5.24958441
  0.23156771  -5.15117460
  0.10222001  -5.05194877
 -0.02649100  -4.95192075
 -0.15509080  -4.85067441
 -0.28247588  -4.74907939
 -0.40916960  -4.64672796
 -0.53515349  -4.54363687
 -0.66095911  -4.43936469
 -0.78602073  -4.33437418
 -0.90976631  -4.22915750
 -1.03328190  -4.12279481
 -1.15655289  -4.01528455
 -1.27844983  -3.90761628
 -1.40006702  -3.79882839
 -1.52082963  -3.68943118
 -1.64127968  -3.57893004
 -1.76083983  -3.46785138
 -1.87949140  -3.35621964
 -1.99721591  -3.24405990
 -2.11455962  -3.13084987
 -2.23150682  -3.01659299
 -2.34747555  -2.90185671
 -2.40677279  -2.75726273
 -2.43446981  -2.59668011
 -2.46050395  -2.43581953
 -2.48487241  -2.27469820
 -2.50757259  -2.11333338
 -2.52860204  -1.95174234
 -2.54795853  -1.78994237
 -2.56570816  -1.62729460
 -2.58170589  -1.46512809
 -2.59602497  -1.30280475
 -2.60866386  -1.14034195
 -2.61962121  -0.97775708
 -2.62889586  -0.81506755
 -2.63648680  -0.65229076
 -2.64241371  -0.48878474
 -2.64662817  -0.32588556
 -2.64915702  -0.16295150
